# 一级地块边界
# 数据下载链接：https://gmt-china.org/example/ex016/
# 更新日期：2017年9月28日
>
122.192693 39.231201
122.104121 39.294075
122.008759 39.49523
122.062291 39.862732
122.188918 40.113789
122.532711 40.483776
122.834198 40.795169
122.457405 40.968302
122.237165 41.015511
121.922512 40.881722
121.466316 40.795168
121.167406 40.527616
120.78985 40.18136
120.412293 40.03971
119.861695 39.787894
119.358283 39.724937
118.84996 39.8183
118.014765 40.081072
117.50899 40.145397
116.984347 40.265555
116.691888 40.347025
116.49873 40.459712
116.238593 40.482584
115.533819 40.722903
115.209754 40.79187
114.764239 40.872562
114.510882 40.787659
114.09798 40.718464
113.799433 40.653827
113.312519 40.686198
112.897416 40.793173
112.639011 40.792711
112.24921 40.845508
112.06338 40.977458
111.839093 40.959536
111.56508 40.884822
111.269906 40.747606
110.564865 40.652774
110.137449 40.635909
110.06279 40.730787
109.193565 41.002376
108.739902 41.302474
108.09655 41.273669
107.772012 41.362842
107.482595 41.346088
107.066543 41.492127
106.51905 41.742366
106.175925 41.949878
106.018324 42.236392
105.892348 42.433713
105.662784 42.645422
105.469612 42.828356
>
138.122657 37.148947
137.751623 37.025661
137.083478 36.77065
136.525372 36.433726
136.239902 36.274435
135.817301 36.097126
135.274181 36.005267
134.787609 35.846651
134.089548 35.780471
132.927644 35.465063
132.12679 34.958431
131.169141 34.426773
130.240448 33.807383
129.734496 33.613478
129.214694 32.644326
129.02728 32.264201
128.653274 30.995072
128.382169 30.421899
127.547482 29.353709
127.49204 29.253748
127.291143 28.906056
127.000305 28.592355
126.553202 27.860962
125.533711 26.646375
125.121253 26.351861
124.481771 26.036963
123.051155 25.664906
121.271867 25.43039
>
122.720499 29.816346
121.583421 29.977445
120.594481 30.077844
120.063571 30.208098
119.518282 30.532586
118.979016 30.70645
118.264681 30.905687
117.579184 31.069135
117.239251 31.193081
116.565766 31.334947
116.125595 31.563461
115.75041 31.794323
115.353621 31.882416
114.640252 31.876974
113.963338 32.112551
113.510329 32.334949
112.994709 32.647354
112.594581 32.962959
112.539235 32.981019
111.649256 33.401012
111.281577 33.698189
110.687823 33.965217
110.017373 34.171116
109.798541 34.491232
109.505318 34.708768
108.701266 34.659504
108.411157 34.53977
107.863702 34.53169
107.415079 34.651591
107.059196 34.755869
106.931042 34.878913
106.873806 34.908366
106.609446 35.073983
106.461298 35.250332
106.366671 35.820458
106.392676 36.333633
106.35056 36.74031
106.388022 37.262729
106.427107 37.87166
106.385594 38.287998
106.686188 38.655368
106.974526 39.168613
107.048013 39.538123
106.956605 39.754127
106.96021 40.169399
107.084832 40.421566
107.583828 40.725027
108.31567 40.56776
109.087858 40.484928
109.724986 40.33498
110.598167 40.298525
111.38933 40.163354
111.84417 40.091534
112.149683 40.153135
112.339735 40.149905
112.669308 40.061473
112.889349 40.021623
113.066233 40.001959
113.10407 39.703971
113.470053 39.592941
113.762931 39.77654
114.079186 39.790642
114.197411 39.749425
114.665522 39.829986
114.874353 39.921664
115.22536 40.132473
115.390635 40.219994
115.582718 40.244316
116.015569 40.189183
116.399551 40.006742
116.665222 39.880514
116.803577 39.713816
116.884767 39.56848
117.012582 39.420619
117.260225 39.219018
117.589067 39.05928
117.70782 38.88285
117.832697 38.697323
118.093371 38.493515
118.30716 38.365293
118.597374 38.21083
118.76796 38.063499
118.908335 37.88641
118.939866 37.684924
119.111762 37.442309
119.380481 37.371104
119.619076 37.385564
119.879329 37.471555
120.034914 37.449397
120.453773 37.637873
120.718292 37.743003
121.258568 37.739464
121.749873 37.574014
122.276245 37.480956
>
69.5485 38.6891
70.0832 38.9967
70.7432 39.1906
71.703 39.503
72.4901 39.6602
73.428 39.7572
73.8013 39.8248
74.2186 39.8057
74.5242 39.7364
74.5517 39.7217
74.9651 39.6227
75.2438 39.5334
75.6001 39.4161
75.7362 39.2682
75.7801 38.9595
75.9129 38.6802
76.2339 38.4606
76.3567 38.0864
76.5385 37.7187
76.6664 37.327
76.8143 37.2505
77.0901 37.278
77.9089 37.2594
78.4353 37.1386
78.8564 37.0736
79.3126 37.0179
79.5699 36.9436
79.8741 36.9157
80.225 36.8229
80.5713 36.7932
80.8093 36.6583
80.8743 36.502
81.0044 36.3471
81.3552 36.3669
81.7028 36.4861
82.2689 36.6527
82.7786 36.6919
83.484 36.9879
83.741 37.1321
84.6519 37.3167
84.9808 37.4153
85.5632 37.6336
85.9098 37.6959
86.4245 37.9466
86.7286 38.1417
87.0327 38.2717
87.4421 38.411
87.8632 38.5503
88.0387 38.6618
88.1907 38.7546
88.4949 38.8939
88.8575 38.9961
89.3604 38.9868
89.688 39.0704
90.0216 39.1781
90.5185 39.2933
90.9512 39.2747
91.384 39.2654
91.8285 39.2654
92.3872 39.2572
92.7766 39.3368
93.0917 39.396
93.3697 39.449
93.653 39.4888
94.0578 39.5242
94.7385 39.6305
95.116 39.6934
95.525 39.7879
96.0442 39.8508
96.5318 39.961
96.9612 40.0089
97.4963 40.0176
97.8374 40.0643
98.3007 40.0399
99.3254 39.8979
99.5882 39.7202
99.9383 39.6087
100.293 39.3808
100.784 39.2442
101.353 38.9306
101.672 38.8619
101.917 38.6688
102.463 38.2297
102.565 38.0493
102.746 37.852
102.95 37.7418
103.312 37.6474
103.642 37.5215
103.952 37.4398
104.29 37.4005
104.754 37.3886
105.343 37.4144
105.769 37.7509
105.77 37.9041
105.741 38.0387
105.66 38.3594
105.749 39.0287
105.959 39.3687
105.871 39.7899
105.844 40.4188
105.59 41.1803
105.387 41.8685
105.127 42.5869
105.013284 42.770804
>
69.5793 38.6909
71.0551 39.0469
71.637 39.1868
72.0036 39.239
72.7175 39.3046
73.2184 39.3397
73.7915 39.2747
74.1191 39.2376
74.4817 39.0425
74.7858 38.9032
75.0431 38.7825
75.125 38.3924
75.1952 37.473
75.4642 37.278
76.0608 36.6557
76.3181 36.6743
76.7275 36.5814
77.02 36.5535
77.7452 36.4792
78.0844 36.4514
78.5757 36.3306
78.9968 36.2192
79.4062 36.1635
79.7454 35.987
80.1431 36.0149
80.6929 35.9127
81.1607 35.922
81.566 36.0306
81.8394 36.1039
82.0965 36.1728
82.3655 36.2099
83.0323 36.2842
83.6756 36.6743
84.3451 36.8852
84.7295 37.0418
85.2745 37.1822
85.43 37.2507
85.9979 37.5164
86.4705 37.6936
87.3742 37.8773
87.8612 38.0272
88.1458 38.1627
88.1438 38.1704
88.6871 38.2329
89.0433 38.2261
89.7217 38.3617
90.1861 38.4958
90.4889 38.6308
91.1298 38.7446
91.7963 38.956
92.2624 39.0509
93.1881 39.2969
93.73 39.398
94.2164 39.4539
94.7278 39.4937
95.1003 39.3944
95.3034 39.3354
95.588 39.2528
95.8397 39.0481
96.17 38.8278
96.4846 38.6232
96.9881 38.4658
97.5229 38.4186
98.0735 38.3871
98.3446 38.3602
98.5904 38.3164
98.8095 38.2466
99.0422 38.1835
99.4172 38.1135
99.7402 38.0971
100.026 38.0773
100.496 38.0251
100.842 37.8677
101.267 37.7103
101.546 37.6229
101.883 37.4885
102.577 37.3026
102.713 37.2703
102.84 37.2211
102.954 37.1514
103.024 37.0482
103.223 36.7577
103.419 36.3468
103.583 35.952
103.806 35.5351
103.897 35.1086
103.929 34.4078
103.844 33.8372
103.789 33.4883
103.804 33.2424
103.655 32.7546
103.685 32.4728
103.735 32.1886
103.635 31.8745
103.602 31.5552
103.415 31.2486
103.263 30.9436
102.898 30.7125
102.65 30.4376
102.526 30.2435
102.316 30.0254
102.258 29.9009
102.152 29.5711
102.3 29.0719
102.268 28.9177
102.227 28.7105
102.177 28.4109
102.155 28.1814
102.21 27.9598
102.472 27.613
102.633 27.1967
102.718 26.8386
102.654 26.5652
102.676 25.8091
102.722137 25.430587
102.676 25.17
102.615 24.8457
102.574 24.5797
102.446 24.0451
102.412 23.7416
102.283442 23.597919
>
100.566 25.2172
100.602 25.6439
100.629 26.0909
100.728 26.6824
100.648375 26.939413
100.523541 27.166237
100.208672 27.370824
99.769 27.6975
99.5603 27.8954
99.4434 28.0091
99.0925 28.247
98.741372 28.53475
98.297 28.5675
97.806857 28.591376
>
112.577 32.9633
112.539 32.981
111.884 33.1949
111.17 33.4662
110.541 33.6893
109.873 33.8653
109.304 33.9445
108.614 33.9962
107.783 34.1307
107.152 34.3478
106.158 34.5029
105.795 34.3892
105.046 34.0893
104.824 34.0272
104.695 33.8825
104.698 33.6552
104.707 33.4689
104.704 33.2298
104.497 32.9312
104.387 32.5599
104.305 32.3147
104.25 31.9108
104.221 31.7284
103.987 31.3863
103.71 31.0677
103.402 30.804
103.334 30.7534
103.095 30.459
103.092 30.4562
102.995 30.2938
102.969 30.1803
102.981 30.0862
103.02 30.0007
103.199 29.7672
103.308 29.3749
103.505 29.247
103.63 29.0416
103.727 28.8792
103.744 28.6836
103.747 28.6026
103.88 28.3897
103.887 28.2633
103.896 28.1052
103.8 27.9962
103.614 27.8747
103.513 27.7572
103.283 27.5242
103.077 27.3106
102.986 27.0906
102.996 26.848
103.101 26.4781
103.16751 26.235591
103.28147 25.933158
103.303105 25.506195
103.214 25.2113
103.161827 24.932463
103.202 24.4112
103.152 23.992
103.262 23.7492
103.396 23.5339
103.54 23.1635
103.691 22.9725
103.837 22.7682
>
99.334665 28.073534
99.531083 27.784511
99.704966 27.459954
99.962539 26.979449
100.022435 26.747536
99.927085 26.412436
99.889748 26.156507
100.085343 25.891809
100.238806 25.54853
100.567527 25.225541
100.916767 24.886902
101.161233 24.647859
101.463909 24.30922
101.754951 23.940698
102.080921 23.661816
102.558194 23.462618
102.977292 23.323177
103.396389 23.133938
103.652479 22.944693
103.92025 22.655852
104.187998 22.396894
104.595628 21.981666
105.337699 21.251517
105.783467 20.861857
106.063034 20.602788
